%YAML:1.0 
 --- 
K1: !!opencv-matrix 
   rows: 3 
   cols: 3 
   dt: d 
   data: [ 1531.138810, 0.000000, 967.187700, 
           0.000000, 1147.102497, 527.244549, 
           0.000000, 0.000000, 1.000000] 
K2: !!opencv-matrix 
   rows: 3 
   cols: 3 
   dt: d 
   data: [ 1525.225955, 0.000000, 994.381281, 
           0.000000, 1142.553061, 545.991173, 
           0.000000, 0.000000, 1.000000] 
D1: !!opencv-matrix 
   rows: 1 
   cols: 4 
   dt: d 
   data: [ -0.424384, 0.185590, 0.000000, 0.000000 ] 
D2: !!opencv-matrix 
   rows: 1 
   cols: 4 
   dt: d 
   data: [ -0.420117, 0.183742, 0.000000, 0.000000 ] 
R: !!opencv-matrix 
   rows: 3 
   cols: 3 
   dt: d 
   data: [ 0.999256, 0.023498, -0.030586, 
           -0.024045, 0.999555, -0.017627, 
           0.030158, 0.018350, 0.999377] 
T: [ -63.040910, 0.521132, -1.610760 ] 
